(36.960457,-0.959139,-13.574619)(13.438925,-1.004983,-13.339975)(37.271713,-0.989442,8.836016)
(0.000000,0.000000,0.000000)
(37.271713,-1.158014,31.013826)(14.290061,-0.658013,31.023827)(37.271713,-0.989442,8.836016)
(14.290061,-0.658013,31.023827)(-20.484200,-1.304680,26.237143)(21.602551,6.481107,31.436422)(37.271713,-1.158014,31.013826)
(-20.484200,-1.304680,26.237143)(-12.505105,7.481107,31.456423)(14.290061,-0.658013,31.023827)(-20.484200,-1.275012,-9.891262)
(-20.484200,-1.275012,-9.891262)(-20.484200,-1.304680,26.237143)(-12.505105,7.481107,-9.716761)(13.438925,-1.004983,-13.339975)
(13.438925,-1.004983,-13.339975)(-20.484200,-1.275012,-9.891262)(36.960457,-0.959139,-13.574619)
(21.602551,6.894087,-11.847384)(21.602551,6.981107,11.601740)(1.556913,7.481107,-9.716761)
(21.602551,6.481107,31.436422)(14.290061,-0.658013,31.023827)(1.556913,6.981107,21.814348)
(21.602551,6.981107,11.601740)(1.556913,6.981107,21.814348)(21.602551,6.894087,-11.847384)(37.271713,-0.989442,8.836016)
(1.556913,6.981107,21.814348)(-12.505105,7.481107,31.456423)(21.602551,6.481107,31.436422)(21.602551,6.981107,11.601740)
(-12.505105,7.481107,31.456423)(1.556913,6.981107,21.814348)(-20.484200,-1.304680,26.237143)(-12.505105,7.481107,9.079031)
(-12.505105,7.481107,9.079031)(-12.505105,7.481107,-9.716761)(-12.505105,7.481107,31.456423)
(-12.505105,7.481107,-9.716761)(1.556913,7.481107,-9.716761)(-12.505105,7.481107,9.079031)(-20.484200,-1.275012,-9.891262)
(1.556913,7.481107,-9.716761)(21.602551,6.894087,-11.847384)(-12.505105,7.481107,-9.716761)
(37.271713,-0.989442,8.836016)(37.271713,-1.158014,31.013826)(36.960457,-0.959139,-13.574619)(21.602551,6.981107,11.601740)
