(-1.723642,47.605904,-10.631149)(27.275795,48.017796,-10.621149)(-2.088265,46.735615,4.228565)(-34.609440,48.148285,-12.250563)
(27.275795,48.017796,-10.621149)(7.523753,51.557404,-0.415627)(-1.723642,47.605904,-10.631149)(25.476889,46.457664,4.218565)
(7.523753,51.557404,-0.415627)(7.331546,51.595310,12.447620)(27.275795,48.017796,-10.621149)
(7.331546,51.595310,12.447620)(-20.426579,51.872166,12.589423)(7.523753,51.557404,-0.415627)
(-20.426579,51.872166,12.589423)(-20.426579,51.582458,48.667240)(7.331546,51.595310,12.447620)
(-20.426579,51.582458,48.667240)(-8.916010,51.836220,48.741753)(-20.426579,51.872166,12.589423)
(-8.916010,51.836220,48.741753)(-6.835032,47.342758,30.350143)(-20.426579,51.582458,48.667240)
(-6.835032,47.342758,30.350143)(-8.916010,51.836220,48.741753)(-32.343391,46.926373,30.430767)
(1.473198,50.845749,37.743141)(18.597305,51.345749,37.753139)
(18.597305,51.345749,37.753139)(1.473198,50.845749,37.743141)
(4.814979,46.782558,56.091522)(-26.013460,46.791084,56.101521)(4.893838,46.031765,27.533043)(20.423376,47.282558,46.899811)(-15.523996,47.291084,62.196941)
(25.476889,46.457664,4.218565)(-2.088265,46.735615,4.228565)(27.275795,48.017796,-10.621149)(20.553799,46.428848,17.791840)
(-2.088265,46.735615,4.228565)(-1.723642,47.605904,-10.631149)(-2.400214,46.497894,20.344963)(25.476889,46.457664,4.218565)
(-34.638016,41.049236,1.921443)(-34.609440,48.148285,-12.250563)(2.987843,41.920639,19.411396)
(-32.343391,47.747894,5.846047)(-34.609440,48.148285,-12.250563)(-32.343391,46.928791,20.362799)
(-34.609440,48.148285,-12.250563)(-1.723642,47.605904,-10.631149)(-34.638016,41.049236,1.921443)(-32.343391,47.747894,5.846047)
(-32.343391,46.928791,20.362799)(-17.190283,47.011921,20.344963)(-32.343391,47.747894,5.846047)(-32.343391,46.926373,30.430767)
(-17.190283,46.925762,12.446307)(-17.190283,47.011921,20.344963)
(-2.400214,46.497894,20.344963)(-17.190283,47.011921,20.344963)(-2.088265,46.735615,4.228565)(-1.272127,46.587620,47.707211)(4.893838,46.031765,27.533043)
(-17.190283,47.011921,20.344963)(-17.190283,46.925762,12.446307)(-2.400214,46.497894,20.344963)(-32.343391,46.928791,20.362799)
(-32.343391,46.926373,30.430767)(-32.343391,46.664970,47.697212)(-32.343391,46.928791,20.362799)(-6.835032,47.342758,30.350143)
(-32.343391,46.664970,47.697212)(-1.272127,46.587620,47.707211)(-32.343391,46.926373,30.430767)(-26.013460,46.791084,56.101521)
(-1.272127,46.587620,47.707211)(-2.400214,46.497894,20.344963)(-32.343391,46.664970,47.697212)
(20.553799,46.428848,17.791840)(4.893838,46.031765,27.533043)(25.476889,46.457664,4.218565)(20.423376,47.282558,46.899811)
(4.893838,46.031765,27.533043)(-2.400214,46.497894,20.344963)(2.987843,41.920639,19.411396)(20.553799,46.428848,17.791840)(4.814979,46.782558,56.091522)
(2.987843,41.920639,19.411396)(4.893838,46.031765,27.533043)(-34.638016,41.049236,1.921443)
(-26.013460,46.791084,56.101521)(-32.343391,46.664970,47.697212)(4.814979,46.782558,56.091522)(-15.523996,47.291084,62.196941)
(20.423376,47.282558,46.899811)(4.814979,46.782558,56.091522)(20.553799,46.428848,17.791840)(18.014576,41.259979,60.663860)
(-15.523996,47.291084,62.196941)(-1.795547,41.572002,61.386169)(-26.013460,46.791084,56.101521)(4.814979,46.782558,56.091522)
(-1.795547,41.572002,61.386169)(18.014576,41.259979,60.663860)(-15.523996,47.291084,62.196941)
(18.014576,41.259979,60.663860)(20.423376,47.282558,46.899811)(-1.795547,41.572002,61.386169)
