(37.359741,4.922583,71.370514)(22.886187,5.000000,52.802452)(22.791285,5.000000,2.520429)(86.840416,5.000000,-28.103426)
(22.886187,5.000000,52.802452)(37.359741,4.922583,71.370514)(22.791285,5.000000,2.520429)(-27.403276,5.000000,2.520470)(86.840416,5.000000,-28.103426)(-24.011183,5.000000,-31.730471)
(86.840416,5.000000,-28.103426)(22.791285,5.000000,2.520429)(37.359741,4.922583,71.370514)(22.886187,5.000000,52.802452)(-27.403276,5.000000,2.520470)(-40.443958,5.000000,-32.254425)(-24.011183,5.000000,-31.730471)
(-40.443958,5.000000,-32.254425)(86.840416,5.000000,-28.103426)(-24.011183,5.000000,-31.730471)(0.000000,0.000000,0.000000)(-38.686573,55.458511,60.100601)
(-38.686573,55.458511,60.100601)(-26.245701,55.037903,52.160553)(0.000000,0.000000,0.000000)(-40.443958,5.000000,-32.254425)
(-26.664186,30.046829,51.665123)(23.682579,30.000000,52.107533)(-26.991974,30.000000,1.698136)(22.828110,30.000000,0.724848)
(-26.991974,30.000000,1.698136)(23.682579,30.000000,52.107533)(-26.664186,30.046829,51.665123)(22.828110,30.000000,0.724848)(-27.403276,5.000000,2.520470)
(23.682579,30.000000,52.107533)(-26.664186,30.046829,51.665123)(-26.991974,30.000000,1.698136)(22.828110,30.000000,0.724848)(22.886187,5.000000,52.802452)
(22.828110,30.000000,0.724848)(-26.664186,30.046829,51.665123)(23.682579,30.000000,52.107533)(-26.991974,30.000000,1.698136)(22.791285,5.000000,2.520429)
(22.791285,5.000000,2.520429)(22.886187,5.000000,52.802452)(-27.403276,5.000000,2.520470)(37.359741,4.922583,71.370514)(86.840416,5.000000,-28.103426)(-24.011183,5.000000,-31.730471)
(-27.403276,5.000000,2.520470)(22.791285,5.000000,2.520429)(22.886187,5.000000,52.802452)(86.840416,5.000000,-28.103426)(-24.011183,5.000000,-31.730471)
(-24.011183,5.000000,-31.730471)(-40.443958,5.000000,-32.254425)(86.840416,5.000000,-28.103426)(-27.403276,5.000000,2.520470)(22.791285,5.000000,2.520429)(22.886187,5.000000,52.802452)
(-26.245701,55.037903,52.160553)(-38.686573,55.458511,60.100601)(-26.664186,30.046829,51.665123)(23.682579,30.000000,52.107533)(-26.991974,30.000000,1.698136)(22.828110,30.000000,0.724848)
(0.000000,0.000000,0.000000)(-40.443958,5.000000,-32.254425)(-38.686573,55.458511,60.100601)
