(9.690850,45.121269,7.935484)(9.690850,45.121269,11.050949)(24.633530,45.229038,-2.348155)
(0.975331,45.229038,-16.213524)(24.633530,45.229038,-2.348155)(-2.159176,45.229038,6.459400)(-32.596382,45.226059,-10.550644)
(24.633530,45.229038,-2.348155)(22.099873,45.229038,3.731798)(0.975331,45.229038,-16.213524)(12.874557,50.309872,-2.338155)
(22.099873,45.229038,3.731798)(27.933308,45.121269,11.655861)(24.633530,45.229038,-2.348155)(4.756286,45.229038,3.731798)
(4.756286,45.229038,3.731798)(1.603623,45.229038,10.692894)(22.099873,45.229038,3.731798)
(19.267212,45.130383,47.280296)(19.267212,39.789295,60.107559)(29.471630,45.121269,44.123299)(12.176406,45.130383,33.255718)(4.765898,45.130383,56.280010)
(1.603623,45.229038,10.692894)(4.756286,45.229038,3.731798)(1.566813,45.229038,16.157181)(-2.159176,45.229038,6.459400)
(1.566813,45.229038,16.157181)(4.876731,45.229038,16.157181)(1.603623,45.229038,10.692894)
(4.876731,45.229038,16.157181)(19.672478,45.121269,24.532370)(1.566813,45.229038,16.157181)
(27.933308,45.121269,11.655861)(22.099873,45.229038,3.731798)(29.471630,45.121269,44.123299)
(9.690850,45.121269,11.050949)(9.690850,45.121269,7.935484)(19.672478,45.121269,24.532370)
(19.672478,45.121269,24.532370)(29.471630,45.121269,44.123299)(9.690850,45.121269,11.050949)(4.876731,45.229038,16.157181)
(29.471630,45.121269,44.123299)(27.933308,45.121269,11.655861)(19.672478,45.121269,24.532370)(19.267212,45.130383,47.280296)
(-2.159176,45.229038,6.459400)(1.603623,45.229038,10.692894)(0.975331,45.229038,-16.213524)(-2.159176,45.212212,13.028692)(-25.532070,45.130383,5.958478)
(-2.159176,45.212212,13.028692)(-2.159176,45.229038,6.459400)(-17.068817,45.229038,17.395750)
(-17.068817,45.229038,17.395750)(-2.159176,45.212212,13.028692)(-17.068817,45.229038,20.441780)
(-17.068817,45.229038,20.441780)(-17.068817,45.229038,17.395750)(-25.532070,45.130383,20.268139)(-7.999984,45.229038,28.947342)
(-7.999984,45.229038,28.947342)(-17.068817,45.229038,20.441780)(-25.516041,45.130383,27.406954)(-17.068817,45.229038,40.927677)(-1.070673,45.130383,29.688007)(-7.999984,50.184490,42.413181)
(-17.068817,45.229038,40.927677)(-7.999984,45.229038,28.947342)(-17.068817,45.229038,48.742607)
(-17.068817,45.229038,48.742607)(-17.068817,45.229038,40.927677)(-1.070673,45.112621,48.410847)(-16.706507,45.130383,56.035542)(-25.532070,45.130383,52.631935)
(-1.070673,45.112621,48.410847)(-17.068817,45.229038,48.742607)(-1.070673,45.130383,29.688007)
(-1.070673,45.130383,29.688007)(-1.070673,45.112621,48.410847)(-7.999984,45.229038,28.947342)(4.910758,45.130398,27.785156)
(4.910758,45.130398,27.785156)(-1.070673,45.130383,29.688007)(4.765898,45.130383,56.280010)(12.176406,45.130383,33.255718)(2.058501,38.744949,19.277269)
(2.058501,38.744949,19.277269)(4.910758,45.130398,27.785156)(-32.596382,38.732983,3.120923)
(12.176406,45.130383,33.255718)(19.267212,45.130383,47.280296)(4.910758,45.130398,27.785156)
(-25.532070,45.130383,52.631935)(-25.532070,45.130383,56.035542)
(4.765898,45.130383,56.280010)(4.910758,45.130398,27.785156)(-16.706507,45.130383,56.035542)(19.267212,45.130383,47.280296)
(-16.706507,45.130383,56.035542)(4.765898,45.130383,56.280010)(-17.068817,45.229038,48.742607)(-13.572592,45.254444,60.127556)
(-25.532070,45.130383,56.035542)(-16.706507,45.130383,56.035542)
(-25.532070,45.130383,20.268139)(-17.068817,45.229038,20.441780)(-25.532070,45.130383,5.958478)(-25.516041,45.130383,27.406954)
(-25.532070,45.130383,5.958478)(-25.532070,45.130383,20.268139)(-2.159176,45.229038,6.459400)(-32.596382,45.226059,-10.550644)
(-25.516041,45.130383,27.406954)(-25.532070,45.130383,20.268139)(-7.999984,45.229038,28.947342)
(1.603854,45.229038,10.702894)
(-7.999984,50.184490,42.413181)(-7.999984,50.168171,50.980087)(-7.999984,45.229038,28.947342)
(-7.999984,50.168171,50.980087)(-7.999984,50.184490,42.413181)(1.381457,50.120426,37.369839)(-20.641607,50.050549,39.781700)
(1.381457,50.120426,37.369839)(-7.999984,50.168171,50.980087)
(-20.641607,50.050549,39.781700)(-7.999984,50.168171,50.980087)
(12.874557,50.309872,-2.338155)(24.633530,45.229038,-2.348155)
(19.267212,39.789295,60.107559)(-0.148853,39.770458,60.117558)(19.267212,45.130383,47.280296)
(-0.148853,39.770458,60.117558)(-13.572592,45.254444,60.127556)(19.267212,39.789295,60.107559)
(-13.572592,45.254444,60.127556)(-16.706507,45.130383,56.035542)(-0.148853,39.770458,60.117558)
(-32.596382,38.732983,3.120923)(2.058501,38.744949,19.277269)(-32.596382,45.226059,-10.550644)
(-32.596382,45.226059,-10.550644)(-32.596382,38.732983,3.120923)(-25.532070,45.130383,5.958478)(0.975331,45.229038,-16.213524)
(0.000000,0.000000,0.000000)(-2.159176,45.229038,6.459400)
